3024	17348
11182	13708
1788	21900
478	18398
202	23827
7611	24355
6753	19977
7709	18819
3934	18362
7211	22165
6773	25947
4685	26080
64	26917
2548	23075
9819	25395
1649	26448
12104	24472
6557	14476
1617	18587
6780	15142
4172	16913
10959	21549
7887	13054
4822	16079
10947	19416
11342	19725
10490	18089
4880	16455
10421	18770
10806	18890
8474	24945
4424	18220
438	22922
1795	14033
12045	27395
12084	19168
1670	18631
4728	15824
3958	14899
1270	17039
4095	27108
9842	22490
11492	26184
4942	13091
490	15697
12254	25582
11272	22254
11103	22031
12261	17745
720	20333
1852	16022
4277	23087
6782	16073
10606	26012
2126	19128
9062	25046
6048	14388
9747	19998
7114	26125
10597	24455
7722	18226
1590	26206
3904	12891
3885	16773
11459	16430
9494	23101
4514	19228
5968	22810
1706	14895
12791	27347
4029	23140
7584	26343
2160	19004
3046	16519
1688	27640
7037	23526
3271	20406
3450	18660
1512	21952
6729	22309
10344	23859
10415	27555
11772	22361
1515	15845
1603	19975
1901	23163
3219	19476
1192	17207
7839	20902
10494	21966
4244	13813
110	20205
6816	22686
12299	16655
3918	20512
6961	26824
540	15913
5807	27711
8574	14953
3620	27651
9470	13273
12572	17725
5030	18854
10030	22961
6392	22211
8468	25591
11385	17809
8294	20860
9447	18279
7795	20441
9459	15556
9152	22010
4159	15800
5708	25472
9813	18787
5139	13729
3912	25862
12778	16322
6839	18887
4310	15297
6275	24171
939	27611
307	14053
11906	23454
2971	27190
12750	23111
3023	14444
5276	24381
5793	25210
4474	16726
10855	21850
1388	24781
1550	18441
6325	18442
9619	24821
7494	15383
806	20466
1902	16359
11945	14051
1774	27021
11283	26163
3986	21818
4703	24240
8082	23423
5998	25547
3251	22643
9930	17258
6984	25656
4205	17950
5103	23473
5920	21452
10465	13285
11659	13105
3899	16493
12186	21739
1077	14249
8190	19503
8555	16040
1259	23793
1169	27019
12079	16491
3166	18003
455	24762
6820	13650
3821	19066
6879	26118
1992	16497
1911	23030
7491	22241
11947	20559
834	26065
1469	21860
12351	19869
10373	18250
1655	21756
6896	19943
10807	26109
11571	18803
11481	14901
40	26788
8212	20626
8727	20986
8078	19769
6458	15922
6354	20188
366	20994
11939	23382
1656	23351
11890	14028
10820	13226
9357	14355
10171	20500
8218	21923
11763	14718
6197	25937
7521	22417
9940	19306
5942	19494
4694	14178
12736	23809
12510	17941
3907	18285
8860	22247
9700	17741
6788	20801
11363	22213
8883	23376
9205	19061
4057	15192
2654	22568
1527	23701
9890	14893
9007	19281
8138	13794
1311	15748
10405	25946
7525	25572
7020	27290
12570	22480
10931	14333
1597	13949
5599	22966
960	18291
5082	15050
10621	20869
563	22957
5905	15684
7064	22542
10152	20427
11887	26650
8850	27140
8982	15188
1373	18422
9173	13549
3539	22749
9629	20223
11221	12976
1680	15039
2055	21609
2173	19923
4776	23446
3628	17813
12700	13243
11845	19456
10899	23252
6452	18775
9085	13033
573	22631
7939	18582
12762	21885
10484	22689
2479	24172
10486	16270
11113	18866
9350	27371
4674	17221
10674	21658
708	25394
9808	24268
2838	22023
3901	14857
10144	25839
314	27085
523	18297
887	21669
8405	24083
12499	20530
466	18773
8896	26580
3781	14318
5278	13081
11069	14862
5114	18978
10588	18128
5249	22189
4285	22865
12787	23876
465	16757
5428	14963
1447	23487
11533	19051
10201	16961
6036	21369
7439	18151
711	21449
68	21843
11601	23001
3917	15018
3006	23718
492	18613
5956	16213
2862	16459
10304	21115
8215	18522
4959	12988
9953	15613
1180	27396
602	24324
5111	17584
632	17283
2919	17297
3784	20498
6331	13276
6384	18575
12265	13280
2360	17712
9474	21169
5780	24099
10921	26244
8797	14839
6153	24962
1787	25175
4384	15386
7406	25382
1228	21131
9621	25255
6053	18692
4213	22821
351	17016
7459	21036
9743	23403
7699	23453
11118	23080
10256	17715
6604	13809
965	17490
10179	20323
6731	14055
8611	17084
7500	19392
2223	18280
1126	20753
10190	16684
4148	27415
4763	21031
2150	19733
10471	17266
2584	16950
11633	27784
5721	27792
6849	18490
3002	22415
701	14783
8219	14471
6617	19642
10826	14591
3288	20596
12014	19387
11306	25208
9444	17501
3930	16548
6028	22528
12380	19167
5553	16626
7960	19463
5824	21901
11379	23203
7925	27508
8273	27031
7195	14430
3342	27420
755	15235
10053	20558
2074	26924
1566	25653
7146	24624
12564	22527
3987	19085
9778	25141
11210	18850
12480	27726
6757	14241
8370	16167
12426	23720
8530	25616
11549	16987
2794	13790
2435	21648
10242	24852
4751	24446
4513	22034
3655	16048
9542	20154
12496	26551
6239	15027
198	13071
289	16705
8510	20012
8867	27365
12004	15545
9095	21024
8749	17316
7694	20934
9097	13336
9218	14545
3337	16572
1705	19323
5243	16562
8908	14461
2662	18057
6593	14686
5178	26042
7340	24335
3290	15312
7159	17762
8677	22233
4142	17315
4401	21271
10550	21103
2293	25926
5756	24180
144	18984
8480	21605
2046	25825
1060	18165
12075	21241
11402	17024
756	24410
1532	20171
6622	24955
4499	27332
781	13203
1640	27777
7313	16142
245	22771
3751	18833
9254	19399
5099	13172
5925	15083
12242	26817
10819	25471
3193	21293
3583	22578
5443	17705
11406	26705
8202	20036
12362	19091
186	15165
11028	13457
333	26209
2127	21958
33	17843
6240	25140
2156	23407
9818	16656
8377	23451
9066	13309
9392	24271
5922	15361
2781	20909
2696	16044
3717	13820
2791	23602
3223	12903
1161	26656
2104	18982
1210	14174
5141	22048
1029	19893
2036	26578
1598	27346
980	20264
12058	15217
528	26815
1444	21320
10859	23946
12393	17364
9518	16174
5572	25984
3874	13240
5426	25230
5859	22512
2572	25279
1305	21073
5404	15075
11786	25884
9020	15244
7863	16257
1485	17563
626	13013
5831	19461
3577	24549
6468	26426
5798	20187
4156	13390
6449	16114
3141	23752
2440	19764
1219	15070
10000	26629
1134	23217
10485	16157
9883	17063
862	25323
11766	15582
2658	23717
4452	26102
1095	17548
4690	25060
7915	18648
3272	18835
3110	23653
8351	15447
11803	20201
7517	13911
2599	20716
10603	16222
1252	23749
12129	14744
5052	19267
10062	16614
12780	21150
6005	17575
7620	22534
11956	14097
2743	16060
4195	26675
555	23520
450	18365
1220	18737
6455	25107
8017	19255
11238	13229
8637	17119
6077	20955
11138	17125
7746	26291
2699	25792
3867	17677
9282	24848
11225	26700
162	26998
9055	17203
2844	20220
12591	15393
4629	16776
291	16754
12002	25677
6322	21695
4413	23755
265	17671
8496	27742
2229	25310
7343	12849
3200	23512
642	25061
10466	26414
10082	18751
11482	25511
8840	15205
7016	24763
8803	19996
7296	19539
2095	20297
8137	24121
6724	22053
6219	27488
3065	22203
12817	21563
8166	13188
705	22439
1445	14030
7244	26949
6817	18918
3131	13752
734	21499
12316	14679
12269	19868
12722	15088
5845	14362
2751	23133
1416	18621
3896	18138
489	23617
5673	18741
2761	13232
10070	27189
9980	27548
7524	21332
75	13706
12219	21625
10371	19343
483	16186
2896	15614
5911	16685
9880	20227
1194	23235
2695	27184
1253	19054
2935	13469
4399	22935
12111	19808
2191	21630
10361	22769
9451	17363
952	22693
2807	17323
6771	20639
1182	22376
2770	26438
11941	22734
11244	27731
8987	16590
8146	14109
4712	15830
5063	19656
5108	23246
4471	23501
5512	19334
12766	23404
5375	21172
9073	16440
10767	15718
8423	14518
12661	19946
3531	26567
6901	21859
4264	14647
914	24900
8180	26484
5258	27219
9309	24322
11168	14950
10944	19386
7889	20795
5758	23031
7564	19900
6006	24726
12339	22154
1144	27768
12011	16902
10875	26623
4938	23103
9926	23244
2726	20808
878	15150
10283	15783
12755	23912
10479	15058
1585	15758
12796	25592
8766	25797
7743	24698
9721	25756
2527	17860
12043	18923
12628	17461
9922	12907
9549	16192
4725	19876
12210	19712
11840	25960
1279	17444
4793	25057
3816	18657
4726	16417
7998	21027
5447	25617
5663	15251
3199	17275
6761	15296
3840	26950
2712	13451
8684	18655
3395	13389
8953	18326
2891	14198
4655	17183
322	17515
12370	16211
10644	21654
10563	24886
10891	22142
7899	26404
8544	14709
6315	24422
11437	23077
2565	21005
9773	13094
8018	18005
2286	13461
5542	23822
3133	26385
3185	17892
6446	21834
2460	22454
8081	27584
7276	13072
2092	27480
8961	25587
46	24224
2039	21349
5460	18223
9630	14947
12452	27094
12036	22784
7697	24943
5237	24449
650	16826
3920	20136
1173	16512
5485	19834
1351	21626
8268	13414
3619	23173
6344	27335
5977	27096
1307	24905
4027	27655
7345	13492
5014	15022
12539	27646
5316	22605
3734	20553
7118	27511
2399	22234
9153	22018
10298	14374
10321	18809
9361	13614
10111	25855
5578	24680
415	17449
9596	21458
9521	20629
7854	17282
8070	21559
9221	20861
4701	19759
10110	24167
4002	14653
10150	27287
4895	14520
11227	23977
12470	18401
2076	23714
3932	19360
12720	21335
7447	20537
11703	18060
3314	20643
7684	26446
5392	25020
11435	23043
10942	22836
4028	14278
6625	19296
1863	25343
5735	19404
2997	21297
11041	23690
4509	22082
9416	23062
4165	20551
11270	20938
3205	20502
7549	17189
10985	26621
7478	23295
8241	25249
10364	14010
9469	22943
12367	14820
8188	22888
4313	14240
2678	25529
12680	14752
3360	19954
6533	14599
5217	14579
9640	14605
634	23200
1672	22244
9195	18385
1750	27051
11366	14673
11408	16004
5888	14361
8134	23242
10788	14404
6615	27258
12164	17781
6089	19466
9039	14844
5837	21385
6031	25623
3005	25358
4583	18667
2067	15319
1468	22294
2220	25578
4438	19063
6767	16266
9593	21862
4117	23695
12432	14449
9571	13184
9333	25913
4755	24284
7108	24545
6489	17906
6270	24598
381	18137
11441	19903
4040	22232
9803	13639
8065	15322
8094	15366
2722	21340
7126	20667
4297	15394
325	19879
3269	13404
2122	24777
4577	19504
12023	16438
9187	16086
2378	21400
2628	26564
11181	15232
2042	21301
4508	13758
9321	15455
7931	27756
235	25531
11940	27591
2822	25164
7873	16515
8823	14745
9741	21917
9674	22156
10290	15686
7927	17681
376	18292
233	24002
12776	22797
3423	22438
3862	24885
7339	27416
7356	26347
3990	12982
966	27239
8430	26953
1619	26734
9460	21638
246	20926
2009	18159
9720	13487
8441	15509
10132	13670
8104	15927
12434	21506
7582	16592
4744	25488
636	23622
8774	22596
12044	26215
8909	25446
9468	26878
11623	19179
2736	24772
12250	15728
1299	18559
3528	22863
1918	20147
6917	14224
12201	22807
4428	17023
5583	16282
1068	20684
545	18067
8006	27066
12596	14533
2653	22620
8406	15133
4791	22674
317	13749
5058	23034
6465	13713
4062	15468
1938	21842
9662	16414
10832	20113
2224	23415
2575	19818
2832	24956
8185	23879
323	14556
11580	26835
2456	27231
2476	17305
12558	20715
12794	26730
4340	23150
5292	19854
1140	22715
499	27014
1197	15825
4179	27683
9380	17834
12812	25539
5322	25863
10901	20724
6969	21979
5491	22140
9373	17990
5109	24976
3659	19101
12763	25482
8130	26987
3232	17029
12807	25039
4279	23420
1110	24552
7601	15444
6339	27558
12625	20836
10412	17789
471	13443
5506	27680
7540	27092
12730	16737
3871	13595
8697	13605
11898	17213
9011	16177
11715	21748
10866	23033
76	25886
214	14489
11938	25317
8622	26428
4404	20217
566	24066
11692	15170
3939	21897
1482	27667
11878	15871
5726	26891
9602	16965
9634	24872
12329	19432
12493	26685
8165	18668
4918	16639
1274	21682
6367	17840
7305	21410
5337	26994
2645	27474
4098	16386
4013	19372
11373	22442
9553	25465
2480	20778
10106	23898
3202	18558
3736	24960
3319	17479
7740	14650
7592	26441
10474	15325
10239	24054
625	17128
713	26060
3730	21379
5315	24586
3806	17581
8827	13289
7011	20183
10478	14589
4877	19657
4245	25732
8099	24015
8793	13008
11078	26294
6798	20572
10446	14188
3546	14970
1766	23128
3029	26423
9096	27048
8646	24456
8842	17156
8476	25110
10351	20006
5588	13816
12630	24276
4560	16682
116	20312
5953	14761
1663	17932
8393	19527
981	23286
4325	16036
69	21980
12405	20010
12007	18977
5951	21548
12735	27571
11292	13396
6061	19284
10374	18568
7550	27404
11590	22855
4229	21068
12243	13099
11905	27164
2648	21613
4668	20008
3649	19987
3911	23647
10662	14629
10472	13015
1431	16135
1354	22567
1142	26034
3021	13056
6223	23158
10572	17707
6448	15976
9568	17411
1954	17384
8941	27220
5479	24387
6909	13861
7264	19713
256	27353
10916	15737
10750	15753
12431	26393
5894	14691
6512	22614
1917	15477
12182	23164
10139	26469
4345	21163
7460	18056
3160	26196
8158	17864
5821	20746
1856	24893
3184	14509
1309	27050
7835	19855
567	19159
5879	16100
6628	18811
11522	19338
2569	19698
1947	21404
6964	27259
3551	19553
9787	18601
12438	18624
8275	22457
9590	20389
2026	24650
8755	22411
6484	16874
2911	15191
11564	20356
5646	13702
1522	14128
9211	18994
5309	23873
7124	13495
3063	14139
3702	18062
3859	21696
944	19158
11862	14049
7334	25868
11729	20557
3331	19661
2742	20952
2692	14271
689	22973
11429	14801
10929	14251
10502	21023
6333	26100
12320	17947
7501	16384
9924	14573
10723	22789
7747	22980
11065	25859
4271	26088
10126	17020
7307	17544
5829	24138
3666	22673
2744	23263
702	23167
5031	19512
5863	17874
5541	24993
6054	22970
4431	27691
9209	22220
1514	18530
2643	21087
12126	13186
5688	14484
3512	20919
3244	23289
11351	14207
7102	25773
10657	18827
207	26779
9689	26802
5850	16986
7476	21670
8477	20415
9807	21785
9292	20601
12179	22045
7453	24147
589	23628
11275	26795
9300	19950
4659	13065
12602	21057
2386	17513
1063	24666
11388	19892
5033	26766
2776	27617
2000	13430
8141	24822
1958	22505
11682	20931
7056	16193
8088	27370
1846	16969
3519	16810
2732	27078
12501	18462
11473	26144
6243	19638
6196	20434
5307	22583
84	14008
1226	20007
1362	14859
189	24811
8007	20705
1747	18740
1725	17690
4003	23211
4006	23344
6813	25506
10277	20789
10622	27145
3107	26801
3675	22972
9536	25440
3602	23596
9971	20647
3505	17472
7038	19365
4784	26591
1078	13626
5360	14941
6116	16334
8328	17105
931	21028
3169	12852
5877	23452
4490	26139
7679	24516
10665	24024
7878	21059
6602	16911
2906	24109
3609	16573
6621	25309
3188	13345
850	15107
7026	17035
922	16669
12547	23445
6504	14076
8846	14164
11204	17011
3973	21386
9509	16608
4626	13875
9698	24036
1165	13031
7270	15822
6215	27625
4898	18224
6732	17018
10729	24175
4597	19863
11806	17588
671	13467
4912	15893
9111	19406
11511	13475
3025	25052
10728	19844
11262	15407
5938	23109
10794	14503
3146	12937
11985	21224
3303	14351
5835	27054
7160	14890
9107	16922
10917	15500
9802	12922
5176	17452
9421	18381
4874	25713
504	13045
8483	17382
3275	14779
11100	22662
7994	22641
491	15996
3419	24577
7725	16782
7905	26081
1267	23449
7279	27110
869	17416
8303	13316
8628	19440
4253	13032
9618	18583
11202	27620
5169	14522
2859	24743
5057	26871
4486	13455
2118	20069
6146	17412
5350	14596
1882	14931
2299	21470
10802	26171
3092	23229
1088	15445
3552	14367
9378	13503
11685	23198
11067	21397
8112	20935
5822	23408
2835	25875
12212	26793
7470	19861
6084	15409
6226	25730
4935	26310
2950	25804
8195	20229
4127	15750
2586	13371
6528	14032
2131	25903
11369	15418
11490	22905
8344	18244
539	17531
6652	22594
2028	13355
9412	18609
5382	17246
3950	17582
4606	20085
10684	20954
1012	24931
9041	19968
10969	19614
11013	24061
7757	19956
591	23067
10217	18857
10510	13324
5373	14468
5165	24503
4282	16623
9036	22395
151	13980
1535	21639
11986	24871
2745	22552
6956	19385
6096	18431
1293	23362
12333	22928
293	15805
3962	21062
1320	16372
6204	22292
2093	13915
7053	25553
2213	20680
8641	25929
943	18396
2782	18707
4754	23839
11413	25033
11405	27501
3808	25646
12417	25248
8436	16341
10516	20089
1241	15689
10749	25719
11427	19727
6959	17056
8597	21963
5291	21262
8791	13547
1350	24207
3778	24802
1264	14136
1156	18172
1890	14552
6669	26324
1569	24117
6774	17146
4024	21353
11785	22054
770	23556
9133	17764
11055	22706
3860	21701
3838	14633
2504	22883
2868	22951
1496	26778
3897	18898
3022	22907
9644	20978
11787	21712
5900	15257
4618	16985
11335	21606
2602	21844
12035	27186
1862	15169
3485	19737
2222	24269
854	21875
7877	27158
10380	13429
6097	17512
2242	26204
7727	14975
3916	21571
5604	14996
10439	23468
6734	21741
5121	22230
12227	25331
11307	21666
9477	14417
5272	23377
4883	26522
11943	15692
6507	22322
1297	22042
5627	15573
2500	26699
9115	26552
885	21960
8301	16458
3478	18541
10913	27077
4901	17355
8392	25410
811	25593
4074	25943
7204	13554
5308	20918
10080	17729
9429	22688
6996	17353
899	19667
10017	18351
2760	13003
1113	21352
6690	20038
4143	27103
5172	19072
11016	22394
12527	23571
10525	22194
7825	16544
2965	14714
9415	13518
7484	13275
4461	13136
4852	13917
1526	24773
7429	23561
4355	27581
5128	22947
1511	14041
3073	20977
7975	14715
5958	25247
11106	13199
11608	25786
6125	26602
1087	26727
12488	15472
10783	15814
11854	20681
5509	14622
561	23503
4134	20102
9514	19647
44	13038
12743	20492
6216	15412
3876	13734
7171	25481
7493	26530
5834	24488
11882	15959
8747	21616
11820	24013
12017	26495
8729	16217
5175	15643
4247	21933
219	21416
3172	26620
6319	14505
8358	26894
1950	26327
8022	23294
12396	16144
10483	27421
1163	22206
1361	14395
5044	26101
11382	14182
9079	14335
4563	19347
1781	12902
5449	20598
5803	14340
8631	15436
10579	24776
11228	19460
111	15494
5843	17744
7246	20644
4574	20957
11416	16665
9737	16799
5871	25920
12030	26707
5778	19402
590	24921
3001	21765
7198	21245
2826	14183
284	16457
10333	20581
11087	17675
7378	19558
9686	25627
9022	23916
815	27001
2992	25278
10829	21651
11358	25184
8828	17109
1671	19576
11778	14847
6307	27751
248	13334
825	23637
5495	19076
5770	14064
3706	14502
11257	15152
8519	16972
1810	14693
12636	20080
8337	22374
4567	15597
8201	12997
4204	26470
6038	24158
4769	21771
1417	15099
7032	23197
2397	14659
1037	17493
9793	20084
10216	23580
7273	16696
6014	19181
1240	13499
687	24229
7986	19080
12525	25407
8615	13283
6744	16605
9145	17509
9722	17772
6147	22345
6569	23794
3903	19413
5565	23699
447	17754
12505	27712
5864	15739
7321	15998
10846	19757
1006	17625
7770	23802
63	22373
11624	18011
4914	23189
1236	14190
3737	23961
8323	27200
7941	19362
7619	25978
7848	15128
11976	18237
223	20349
7123	15532
4270	24030
7892	15104
7667	24738
11404	20973
8654	23288
4539	16868
4097	21415
1276	19599
7045	13106
8020	14802
8930	13782
10234	15096
10506	14413
9949	18528
9978	19778
10045	27426
7281	14536
11489	16602
6214	23865
5704	18453
1289	18114
112	23760
942	14789
435	13162
11422	25856
3069	17370
3259	27704
2629	23787
5240	21762
8042	23550
7731	16447
5233	26744
3651	20864
3742	12896
38	25209
5476	23908
3278	25510
3460	24125
1003	24816
7555	17934
2723	19915
12469	15585
11688	22004
8881	16348
11450	19925
4807	24148
2819	25944
10954	21496
10711	25907
12012	27046
5488	15989
11443	23845
10648	14863
9886	26757
9567	26325
7621	15953
8194	19183
6106	20679
8643	23352
2426	26665
5872	15639
9113	18539
1020	14920
10052	20666
11607	22026
4115	13939
10175	17054
259	20877
1243	16604
9117	18829
8903	13325
10383	22655
3258	16990
4022	15346
3613	13468
268	21953
1608	22989
6695	15878
12546	24529
10559	19163
11234	27547
12610	19087
8160	17695
8775	19505
7866	23658
11961	13512
3554	27199
3828	13134
8802	25485
5566	22724
11111	20230
8926	12930
2830	27086
4203	17617
7199	25955
7079	24765
553	13935
12642	16556
6905	25995
12698	26087
10650	17415
9706	16277
6609	26108
6556	23970
2473	22997
6318	14091
11372	18872
4365	17919
1737	25766
7194	13128
6183	20287
6142	20655
5473	21135
3031	17721
7690	13271
11568	22019
12551	18407
10935	18043
7025	17433
3137	13061
1693	13617
2400	20625
3136	22420
7855	21337
4383	20800
9483	19290
7626	22424
10570	20238
10853	25812
5777	22652
1285	22726
10967	27055
10687	15144
1191	19963
8587	27238
4218	23493
4232	22419
2345	16897
4686	14701
252	23233
10075	19321
9026	27515
8248	15212
8627	19784
7327	18551
3785	22168
2884	13999
406	20004
9918	19554
11792	26167
9647	27685
5836	19835
3523	12958
9908	25936
5681	17751
8652	25685
7007	19274
641	17162
4525	22840
9155	15950
5223	15019
8688	21428
2285	25874
5181	25026
4662	22344
2704	21264
8397	13966
643	23552
2558	16002
4369	13714
3118	27491
7842	13440
1339	18846
9093	18424
11808	17871
8884	21016
5978	15708
12198	19459
4439	21909
11948	22274
6649	27540
3318	13230
1157	24246
8639	27323
7170	16280
3371	17738
12458	22044
6603	21518
9425	18916
792	23593
3421	25514
10459	18196
5061	24813
10893	20520
8444	17394
104	24021
9711	27279
669	20937
628	23216
3543	19736
906	17963
9257	19648
6120	12863
9678	19705
6249	21697
10445	15683
5326	20259
5333	23603
1355	19055
6706	21129
7088	18030
2833	18695
8781	23667
7496	13148
6192	16636
7242	18486
947	13575
3422	24308
3928	24329
11171	23546
9525	25805
6073	19424
10230	21734
10058	17398
752	21492
7935	27047
10599	24073
3700	14242
1394	19485
1045	16825
129	21312
3563	20509
4337	26764
2633	23416
6433	17198
12767	16264
11946	26149
6418	27331
2521	18461
10517	24093
1283	25959
2132	17649
6859	18980
10793	18075
11993	14153
11038	23029
985	19949
10540	22781
8348	22405
2218	27579
10088	23829
8552	15182
549	13290
2563	17375
5008	17800
10796	25720
11456	17100
5143	27345
7547	13206
12188	20591
12433	20207
8040	18859
8789	27024
7349	19776
1002	15403
3106	15699
1503	20298
9314	13839
7413	18274
2424	20294
9913	24133
7622	20445
5493	25316
10385	21542
5192	15570
11630	12985
2689	27111
10640	16901
9804	25221
7949	12938
9970	20280
3600	15881
6009	21728
9382	25088
4174	19894
5087	22929
8048	13800
11311	22334
7326	16570
8500	13494
10352	25872
800	18354
2068	27029
8792	22098
9150	14090
6847	20440
11001	21263
6945	27182
5597	26521
840	18750
1661	17554
5142	15997
12276	13329
7188	24182
4215	18701
9244	18071
5445	25119
8253	21592
9298	21324
3733	14900
12071	16708
12685	25674
7573	18390
99	23025
9484	15741
2525	26490
8693	18979
2175	17559
7538	25500
5372	24946
8861	15146
5284	18315
2180	23044
12747	22381
12322	24740
6320	21153
7128	14385
8341	22216
7617	26859
799	25739
7888	13945
12443	13723
6378	26245
7988	22037
4633	15566
10500	25909
2622	26883
8170	24415
4484	14451
8829	18563
10685	17318
11784	25231
303	16147
7645	24612
11844	25368
8184	15135
8882	13862
10120	14167
11364	23662
6862	21825
7864	12979
7018	15106
5330	20887
5669	16866
2715	21591
8644	22377
10377	13265
4194	23152
12777	19652
2573	14977
3362	19982
1679	15801
1549	15850
1736	17284
12723	17914
8199	25624
11496	21841
9791	19802
9202	24784
6793	24922
1014	27589
6703	26807
12315	20149
4222	13720
2515	19121
5839	24656
9013	13674
2948	23993
6828	18211
1374	19023
6400	17752
690	22339
6208	14939
2509	16229
458	15358
365	17372
6091	20652
2455	25925
3723	26014
12436	25087
10848	21436
2367	19053
1857	23646
4775	24293
7542	20140
7275	13163
8801	25256
10493	24327
5702	20606
12073	21384
4730	13819
10903	22621
1203	15867
4596	18618
9701	24326
1200	23230
6435	23305
329	22426
2640	14632
10238	19506
5431	25389
11127	22588
9997	15298
3570	17008
1225	21009
9197	14891
2915	23337
1826	23727
348	22822
3361	21133
10457	20296
419	19994
9337	17165
5753	19149
5065	13282
2125	24143
2415	22915
10115	26571
8868	26584
1936	19817
24	24100
3330	23634
7480	26479
12222	23027
9786	27208
9526	26342
2553	15091
2106	21854
11120	17673
11431	19740
363	20318
10259	27044
5296	25644
9681	23756
4535	25933
10778	24731
2567	23024
719	24460
9727	20880
8845	23406
6016	13453
2337	16009
2422	21414
11891	17161
1912	13834
7462	21275
2871	13990
535	25788
6679	17970
10475	14377
6366	25635
5751	17273
10116	15724
2098	22834
747	24829
10114	14436
5969	27283
12653	24442
12354	21471
6375	23145
8722	21714
9974	13900
4184	22284
814	20953
10149	23292
3338	26594
10960	22503
10265	15284
672	20929
10432	24019
5067	25074
3656	23088
6312	21054
12737	24489
3803	19411
3297	25156
8853	27418
161	18186
11088	27750
9758	23683
6633	19836
11534	20775
1231	19488
2568	17167
3513	24504
5215	17620
6932	26161
2253	20489
382	15249
4908	17952
11848	22977
9632	27028
9805	19934
12088	15273
5885	17996
12330	23705
81	16194
4836	25837
10314	24806
2686	12867
4092	20550
12119	24958
4327	17971
8000	23175
2040	22257
4811	23572
1499	19584
990	26854
9434	16968
8951	14631
5637	23287
3316	14580
12428	16835
2291	15971
9345	20193
2579	27060
6986	13641
5641	25153
11737	16824
8740	20017
1553	16848
10849	26612
10416	18473
4286	20288
3252	20526
1624	24003
2771	24786
10051	24395
6736	13342
2209	25604
7670	20914
874	25029
8567	25497
4805	21206
12010	27297
1093	27502
2652	14304
7796	19628
39	24751
3797	21919
2837	23575
10444	27714
2709	21538
4949	19426
7138	19730
12086	26943
9839	26054
4494	26017
4814	20875
9607	26974
8608	18302
7120	20612
10040	27446
6343	27121
3504	26877
9040	21770
5242	18804
10845	21536
6576	19302
7917	27170
8205	26543
7909	16815
271	16237
5045	19073
1915	13730
8542	19499
5268	23327
12619	27148
9396	20275
6426	25961
4220	13781
7164	25520
5940	25094
7816	20167
3179	26020
552	13194
8836	24044
4782	18970
12148	25387
4463	26259
6643	15995
4797	14841
8572	13545
10353	13958
4101	13362
12312	20213
8888	18548
11142	13968
6653	19524
11627	23835
4217	15852
5448	15338
1637	20965
4707	17088
1784	12925
7390	20754
9134	15664
12819	23329
2295	17577
9322	21107
9939	27721
258	15452
5066	26671
12502	25324
3102	22704
11650	23817
5962	26390
349	26008
4859	18018
9404	16747
1562	20587
9089	19240
3970	15831
2205	14808
8754	26250
9372	21822
10632	14521
1190	19984
10156	13546
10449	14766
12348	25367
12759	13684
1592	25745
5263	13687
7997	13460
12779	24927
11004	17777
4927	23932
2812	19890
4835	24989
2249	16395
11279	20815
12506	25864
10721	19230
4607	20325
5539	24642
12115	14221
12033	20226
718	14869
9806	13516
4591	19127
5248	20263
12162	27506
10138	24244
10658	26444
9763	22448
3603	15175
12286	16393
4304	18119
12687	17627
2305	21612
11616	12844
12205	23272
8541	24843
11325	24570
11291	16197
2882	23529
10607	25325
6163	23983
5216	13179
9249	21685
6827	17684
9210	19364
11852	23697
5381	19473
2271	20568
7035	26593
9495	24795
5874	18374
7094	22896
1487	24295
7217	16355
11936	22872
5660	14644
2806	18599
1053	20884
3998	22276
11619	24897
275	17222
11081	20513
12639	14510
4963	16265
8549	16250
2031	19497
5698	20366
10302	27152
11642	24307
3398	24048
7846	19658
9317	16550
6364	13688
9246	19990
4771	25424
8638	19067
12110	27057
8854	21572
7391	21817
12336	24142
7101	24911
73	24861
9523	20083
7644	24991
9712	22406
10327	21159
2907	23365
11199	22141
9496	16461
4975	25462
1713	27298
4684	27330
2371	19914
1659	13529
4530	15077
4214	19830
423	23965
4881	20346
12513	24371
5949	20050
1019	21684
3030	16223
7070	19225
8327	26412
3757	24201
9594	15888
6027	23257
5700	24386
1162	26282
6167	16444
2084	14616
12545	13584
5686	14266
11341	16606
12019	14590
3604	21417
4925	25159
11609	25701
8874	14317
11239	21700
9360	19491
3755	18593
3268	23250
3830	15890
4043	25172
10285	23941
4398	27082
1189	18460
4907	22386
3518	23274
905	17120
1059	25574
11662	19486
5625	20212
11865	13845
6709	14926
8988	23706
11796	19175
8395	20141
6321	21916
4960	20831
5395	25134
4724	20490
2636	27398
4500	20839
3890	16940
10063	26236
9462	15594
11788	23227
2741	20438
3566	14039
855	25012
2961	15147
707	17423
12713	14667
11595	20304
6263	27451
3226	13985
12516	26166
7716	21046
5101	19537
2181	21856
6100	15036
953	18666
5706	14706
9740	13552
12391	16215
11888	15360
5732	21517
856	23143
3388	19427
6126	13026
9028	14260
8296	20454
5679	16315
1878	14452
8145	21645
3532	16896
5303	26141
1137	18902
1401	15709
2721	14118
12498	15125
11231	14677
7046	17709
371	15828
6155	21281
12081	20221
10984	16676
1625	19952
4048	14412
4089	20792
16	19383
8151	17951
9091	19729
6161	25744
350	25138
10391	24533
6562	24500
4582	15482
12216	15406
6309	13745
5668	17484
9620	23645
3047	24377
10593	15105
10919	26755
1611	21474
12719	20067
10103	22667
11912	13395
5325	19530
1616	27174
2146	22229
204	27543
11586	25114
9064	25512
5691	25891
6336	27772
6683	16892
9489	23872
2071	27339
6498	16481
1272	19988
7167	24688
8091	20444
10056	22452
4100	16960
4866	22615
6752	19204
10308	27739
6575	21526
3093	14643
5633	24664
2925	24975
456	18651
4014	15991
4650	23775
8157	22522
6113	18723
9835	21269
2166	27380
5231	20538
2890	17903
12325	22062
760	15497
1997	25647
12798	15379
4023	21116
12808	14236
11187	21780
281	25596
10071	14172
3410	13855
385	27127
1258	15622
3449	15005
12303	21866
2349	27338
1769	22227
1939	27383
4796	18100
7890	18247
10097	22612
10191	21888
4178	19635
4153	23508
6127	13333
8830	22297
7504	16105
1662	23271
8390	16182
8154	23050
12027	19992
2365	17181
8562	18788
4541	16686
4770	14566
9845	16368
292	24560
4168	24482
6419	15555
7309	15899
375	27191
10232	25945
7031	17757
1378	24236
6894	16681
7856	16673
9800	24168
2289	27541
2434	12858
6256	15589
8291	19259
6517	26117
3888	26090
3908	19790
2990	13757
10555	16513
2774	16938
6024	24643
7183	13140
6205	20905
5560	19398
2616	20225
11333	16019
8695	14692
1667	16557
4387	14680
5183	21270
12238	23147
12142	15245
6853	25439
5593	26494
2673	20704
9185	17425
8336	19783
3256	16543
10246	20677
1427	24217
772	25709
5996	16011
4897	22995
8228	16707
5290	23438
3486	20648
2392	22246
9820	15839
10487	13480
11506	26762
102	19288
4393	19926
8016	16258
8455	23102
11417	27433
9132	17636
1452	26420
4363	20123
8660	21839
2077	27267
9624	16999
3654	14023
1017	25299
1357	16966
2478	27595
6111	25321
1424	14516
10585	17849
3285	19423
2344	15199
697	12986
9705	14460
5912	15542
8917	25314
11896	25149
7106	26357
1796	17758
6029	14794
7656	14874
9092	21823
2238	16482
6501	14457
5972	17611
12696	27075
11671	14818
145	19014
10203	20711
8139	23621
556	26005
1116	18645
4067	15633
1904	16622
10991	15860
7708	25626
5825	27417
6913	23500
6726	27503
12702	24094
10473	27590
10978	23439
950	18065
3384	19258
7497	18589
11911	21939
4890	21627
3264	18475
7059	26505
10584	24104
9968	23579
3312	15746
6365	24645
5540	16340
8335	27034
3698	22879
9932	20450
5913	27113
412	18853
1079	17342
1465	24739
2168	24288
9367	14274
11421	21375
12006	22078
9725	23369
867	13146
10424	26536
