13619	18792
13313	23427
5108	29369
11543	17619
5071	17978
6759	26048
12244	29959
10248	22067
7031	17216
8388	30254
3576	29655
6526	19082
585	25717
8793	17081
12136	28017
12349	18314
543	29118
1182	25488
12860	21508
3830	18558
4585	27102
6365	19445
12872	23547
14664	28748
11380	21392
6262	24217
7049	15655
12405	19714
14229	25369
4810	17903
12643	28202
6108	30311
4458	22475
3020	16536
11869	25188
221	27728
13467	23536
2232	23621
6720	19141
3164	27540
11937	20803
9477	28350
12132	21350
1926	20994
2429	16266
5815	21936
11489	22681
11856	15678
12398	25099
8506	23060
5945	18392
12409	23548
13695	28721
512	28952
3564	21800
13019	22235
1285	20606
10017	17280
9462	25121
1748	29105
6181	22158
11550	18923
8914	22138
3025	28860
7779	23581
1904	28850
7753	18553
5059	23170
13398	16575
14014	24842
13029	20187
13704	17034
7571	26132
3416	23987
15208	20308
5034	18981
1457	22225
110	17029
13940	27101
13618	21730
5466	28329
1852	25969
3874	29603
9925	21290
5405	19595
10337	29239
6630	15797
4619	27141
10762	15575
2321	25310
15312	22637
7189	24301
14444	29826
3481	17399
9560	27260
8298	22223
5489	16501
2306	27481
9866	18791
12566	18066
10405	26322
1297	25568
3319	20966
10562	20920
2947	25631
4275	16742
10613	24593
5006	18404
6418	15602
955	15536
7895	15599
13289	28216
6346	26994
12456	28300
3823	21639
4103	15728
6402	21009
11708	25868
14705	30077
6589	15818
12460	27501
11859	21359
13770	21818
1783	28652
13896	22913
3847	22538
1526	19176
4335	27913
14270	17661
12105	19439
10898	27489
14546	19730
5701	25605
7315	15653
1233	17631
14953	16017
15290	20572
15055	19545
2379	18512
7787	20984
7328	18341
10173	27163
7574	26577
10172	21406
12741	18714
171	19491
7379	26469
5123	25141
7699	15593
14946	29652
8746	24812
9913	19455
8827	17469
14820	28206
1286	19274
6496	25220
13150	15952
12238	16969
12856	23904
10338	25136
12342	26946
7850	19881
7706	29382
9755	22437
12115	18302
7711	25439
1217	17203
14898	17278
14037	23369
8492	29722
6127	21334
7198	23255
3956	29203
12575	18874
4942	18230
4854	25282
12708	22173
13245	15697
9070	27944
8610	17214
8294	25566
10059	24325
14686	25419
15209	25799
3839	18288
1298	18850
4392	25781
367	16328
14659	17571
12279	17231
13675	20069
1127	18246
11878	21157
896	23355
11420	24102
1379	15417
13102	17322
1644	22737
6715	16752
7886	24472
12286	15665
11470	16637
1392	28696
6208	15742
767	24706
9051	18820
12434	15833
5470	17061
3698	28550
1112	16200
4385	16286
9428	19490
10040	23108
8755	25253
3446	24318
7506	29727
7793	25060
2949	27850
5783	24723
14493	21728
10185	21137
4896	25887
400	20215
3492	17639
10186	30318
3906	21250
11824	25984
9243	20775
12216	21110
14680	23678
14458	28901
3866	18571
6078	27635
8315	22929
9494	21171
14939	16850
15396	26078
7863	27114
14630	21407
4541	18441
7355	23508
5124	25744
10359	30108
1110	21676
13300	16245
8027	19952
482	29538
8953	23468
4334	24374
10478	16686
13631	16687
14714	17007
4935	23786
11255	25610
4753	20274
8375	19001
9004	18347
1635	17432
6275	18532
2487	20273
11578	15610
10463	17600
8585	19684
4822	24157
8466	28054
15065	16856
11402	27694
1567	29739
7147	19072
13326	24986
8575	26165
4143	29416
4659	17213
9800	29824
7892	22982
9022	23879
8624	21477
3032	15953
14120	27861
14363	17089
11071	20145
7675	18755
14710	19379
7905	22848
4039	29528
5574	18501
7218	25179
5715	18176
7426	26656
9091	19420
13384	26815
6228	23305
8033	24988
7814	24766
3188	21411
3363	28877
4650	16625
7853	29671
15316	19551
3871	16112
1282	16944
2856	15809
14805	15619
43	26390
6805	18433
14383	28116
11472	18420
6369	23600
1881	22571
15273	26723
9266	26582
5469	19192
403	30118
13644	17021
8451	15978
9510	20017
9901	22276
5658	29612
4504	26610
13918	28675
6933	21962
756	26375
5798	29190
9096	19530
13690	29341
8812	29107
8041	18381
11756	23601
12885	26940
12151	15854
8501	16636
3536	30074
4638	23773
5122	22414
11842	19870
2477	24743
2388	15815
8869	24017
10403	28127
2463	28268
1001	28059
2090	17014
10988	19822
12927	25994
5616	28489
13877	28066
4758	20635
8979	29637
12198	27314
435	21469
7637	30153
8081	22635
2587	22389
5539	24400
2396	21050
4309	24094
5494	24276
8267	15793
2732	16396
13758	26023
6107	21281
14013	29082
9877	30251
13283	26782
7003	18486
1462	22268
965	21295
1103	24197
6667	22517
14260	27864
1088	22108
7660	27512
11091	19745
2505	19832
13525	28280
3030	26805
5660	19600
8918	23857
9816	26036
4029	25229
7798	17849
2537	29247
4210	23486
1578	27152
10326	22725
1787	20236
13748	19125
1678	20798
3916	24658
9882	24513
13765	16060
6923	20650
9542	18081
9791	17178
14387	22109
8949	22267
12444	19994
10353	21388
10304	17355
5341	19423
6480	22078
11645	26435
695	15773
6115	21949
8260	18636
787	28691
3859	21159
657	17113
13659	29216
9188	25428
3717	20589
10108	26969
9782	18919
1788	18322
2107	25671
10114	17323
0	17773
8943	22210
13428	15514
9688	28505
1641	30132
1153	22190
12986	20544
1527	24657
6247	17304
13410	27986
8902	27922
7304	27828
1479	23164
4220	28613
1128	30226
6466	23223
11661	19886
6026	26947
9962	24932
8549	16758
2654	23099
1041	17295
15205	29738
9173	22168
4412	21354
9924	16333
4391	17091
13864	18775
3709	28866
9068	24397
7844	19038
3184	29200
3787	27268
6680	26195
1715	21154
6	27462
2950	29777
4680	21351
10555	29012
4280	16518
7910	25164
5395	23306
5895	16320
14170	20251
2728	19023
6609	26651
7725	28269
908	19576
5146	25654
13215	16114
13218	27766
9360	21144
7914	27231
4239	28400
15378	16072
10262	19570
3801	20652
9749	19515
1104	29665
8511	25068
1320	27549
12774	30299
11866	20047
8285	28782
9372	16400
7063	16998
4130	26455
303	19469
8674	22032
268	17004
11693	24248
7516	17416
14500	27936
14678	29393
13174	24355
9168	15439
3747	25858
1933	18291
15373	15652
8479	25325
1504	18953
15036	24210
8142	17345
15164	20523
13191	22794
15403	16882
926	21862
12112	28309
6952	21206
769	15890
1037	30084
2616	26709
12303	25680
3864	21244
15313	30052
3905	23945
12042	26901
6930	19020
7439	25754
3640	24314
316	27411
1465	21101
12309	16457
5700	16032
4771	20279
8165	19955
2793	20479
8262	20367
1361	26759
7004	22033
708	22171
14350	15416
2651	28000
10471	27536
5145	15443
14368	24535
7754	27620
1046	18935
13553	20311
10998	25411
3995	16884
9395	18056
11957	15852
3520	17670
5853	25614
13716	23209
13668	29287
1809	29205
12637	26466
1414	19769
12422	19389
11208	30220
5661	29942
9768	27668
4689	23654
12525	20867
10690	24671
4982	30310
13859	27215
740	27774
7560	25794
1792	25941
11264	15909
7735	15851
844	25405
11346	27886
1427	29961
10287	16552
14906	20206
6377	20978
11426	18534
3166	21483
11787	24025
8774	18373
6087	19936
11387	18631
70	24383
12318	22904
12041	15528
165	20527
4572	16483
3424	24251
3982	18851
1923	16797
7879	17565
2576	26744
10395	16242
13953	28900
562	19193
8916	22809
8919	23091
14415	29209
6880	28184
1738	30240
8603	27354
8613	18478
8418	22941
9591	20857
6889	21081
13466	24993
7597	25010
11657	26543
6982	28546
14	23425
11055	23257
12824	19700
2844	15677
1331	20263
13994	18745
11485	18995
677	28727
14997	26115
10684	27727
12687	22443
14977	29971
2933	23611
494	26710
4893	21899
13682	26476
13427	24498
1381	24615
8684	24155
11360	26876
14151	26484
14264	25026
2975	26082
10285	21924
8573	29941
5545	26802
9423	29534
9741	18025
13848	26770
10480	25718
5053	15659
8864	25764
1116	16598
10772	26830
13531	27381
2578	21612
13028	18966
13714	24262
2771	27394
11442	18690
5557	21136
9213	22229
10281	27202
10235	18748
2177	24415
6018	23974
3041	24388
7764	15866
6812	21014
1419	26832
8728	25268
3291	23470
1090	21098
11063	27673
4115	21838
3301	30039
12658	25735
1532	27091
65	24036
8513	29169
15042	22641
7661	27357
9599	23767
6209	28568
7182	19643
6380	15571
14531	26872
1932	21120
5161	17779
5947	16021
1129	23684
3976	23406
1447	26380
14701	25729
13498	20036
7016	26084
6201	26633
12761	27133
2072	26550
2611	17630
10860	16198
4140	26236
5223	18751
10028	23147
10110	22702
10903	19737
3877	27339
4759	16992
12447	29068
6354	29985
7463	28629
8182	22282
9935	19246
12167	19138
2717	20746
14482	27250
3943	20307
12280	20475
8754	25677
579	17828
12006	21661
6261	18184
6434	20299
1823	29018
7190	19775
8497	24610
12301	22034
8652	20264
13365	27059
4451	20344
144	24446
14413	22697
2757	27833
9163	29096
12346	22627
3377	15898
2267	20729
14817	18886
3727	25597
12656	21753
15319	24212
6328	19095
1977	27534
4067	19992
13027	18027
3660	22767
3191	16134
14403	28554
15305	28534
6811	20979
10315	17658
5565	30323
6008	18989
3132	17971
12983	19584
11248	19919
7625	15521
12090	25246
5529	21574
1190	26745
12809	22993
13738	22870
527	23675
578	18058
5212	16676
9274	25394
14002	27144
7056	21791
14419	29853
4547	20057
5406	26459
3159	22386
6345	27845
12022	21490
2926	18945
3911	22290
3603	25304
925	22371
14462	28454
7609	20474
15173	20455
11121	26418
2780	29604
1318	26178
9871	28167
6352	18904
9375	16642
1659	25582
11720	19046
11867	24244
11627	29939
3632	21771
986	19583
3903	18737
14390	29678
9176	21552
7273	17537
6430	30190
12377	16710
9158	21933
8137	15774
2293	28207
6432	22358
12491	24292
12215	27508
9093	18227
8975	26760
12891	22643
3209	22924
3946	23007
6413	25202
11699	16515
7993	24810
9199	29126
123	28520
13390	15862
9769	19017
2440	16264
14396	20802
8797	24763
10249	19384
9045	22224
704	28247
6042	20794
12442	27623
11966	29430
152	19328
6002	18805
6465	29177
11742	28006
7181	20080
716	25277
611	30278
8614	27383
439	23436
7345	26607
1677	29073
106	29962
3341	15884
11611	22103
8554	17429
8965	25252
14230	18724
1017	26121
1243	17885
4823	25457
4630	27881
10409	23154
8741	21269
2842	16738
13256	28922
4080	27538
8660	24125
7988	29387
12313	28859
13060	20846
3079	17223
8529	23145
8293	18259
11870	20253
8602	22670
666	19336
9691	24716
13438	27700
9939	18225
9731	19783
11054	26558
14663	25153
12118	16871
4276	27636
6583	25144
11765	29533
9281	16071
4065	26986
8342	15888
7923	16664
5841	17013
5763	23970
15310	20723
2695	22719
5717	20778
11391	26423
2819	25350
2886	20577
3846	22766
1177	18517
12916	16864
7789	23030
11872	19357
7275	18194
10980	16309
5021	16241
2809	25113
2375	26732
4956	15924
6062	28162
10972	19639
6699	19855
11393	22439
9437	21382
11791	18289
13601	15473
7146	19767
10167	22129
7331	24050
10145	29576
149	28654
2357	26814
2898	16822
13530	21973
14121	18328
13003	22581
4213	22860
11201	25688
11570	25793
224	20305
2784	18008
3203	30301
6331	22847
5693	30329
14479	21951
1522	17838
9431	24473
7271	26424
4091	29048
2769	19947
2661	30120
4154	28462
12644	25867
11626	19664
7384	30207
10726	25227
4096	23755
14937	18749
8052	27023
4943	18325
9456	26834
2706	28600
11934	24556
2976	27134
9518	17973
2342	28062
7695	24448
5217	19753
12520	29696
8683	21390
4315	24889
15265	29980
3619	16787
2684	24097
12384	18488
1262	23279
8855	16788
14972	20087
11296	21212
6640	16601
8238	17039
6030	20277
9235	15690
505	18707
3453	20397
12692	28281
7883	17683
6522	27061
1475	29136
2944	19935
3204	25111
14217	26865
519	24684
9580	28148
6256	26314
6033	22617
13709	23749
15275	25656
6623	15901
6965	19034
4436	18281
6847	27135
5335	15902
14595	26715
12482	22786
8003	23576
4593	27872
4061	29310
8502	16760
3704	29181
11268	24804
9511	22723
10958	24799
3955	19708
5403	17742
12252	16143
10989	17920
7666	17839
14283	25958
10146	15582
4379	19581
4441	21604
5699	24061
2272	15823
13229	21731
1029	22782
6979	16355
1562	23286
11074	25037
2104	22010
13771	21629
14128	24162
11395	16191
10345	20864
8720	16983
11309	23674
4849	22162
7621	29850
1093	26662
13043	17450
14581	25532
2055	16362
13647	24595
5670	27759
12089	16509
7236	20655
5677	25796
1663	23932
4079	24977
307	15834
11948	20828
7294	25639
1611	17910
5330	23612
3522	16028
10431	27005
8598	21854
13849	16327
9953	25186
2973	28627
2274	21958
10982	25725
2061	17818
571	18556
1559	27857
3292	24281
2971	27475
10136	28976
11794	20618
5300	26645
2229	22100
8424	28635
1229	23641
12504	29638
5008	29990
13219	24844
4780	24897
1219	17830
10468	15501
11085	22043
8199	27335
14776	25465
11728	17401
8203	19523
9157	19821
2349	23887
7912	27455
13141	20640
7752	23785
14956	25479
7963	26458
5587	26929
13595	21770
8825	24985
14172	24149
10354	20476
9354	23990
1183	22072
2159	15874
5598	15787
1365	28875
14933	28872
8290	28233
5167	15882
3605	23335
13448	24727
12416	26425
6758	22939
9918	22253
1993	18410
12053	18489
12291	26287
9305	30002
8210	21317
6702	23049
13888	25258
14752	17727
9082	23787
13105	27093
3239	28134
2248	22566
1723	29705
3258	23245
5451	18213
12180	18557
14020	26792
4474	17632
4328	17564
5786	17794
1856	21115
11568	22629
7088	15778
5524	16605
3442	21792
11564	16934
5788	17969
2565	23340
3638	21236
4627	23779
4006	27977
7042	19147
3376	19067
2832	21834
5204	18011
5101	18993
15250	21852
10194	25298
13612	23413
14380	20783
3543	24166
15311	15753
5612	29653
10369	15997
5714	29450
832	26559
3202	21092
5116	21415
9280	23144
14700	22331
13670	29763
10997	19383
7095	26885
11700	27186
12960	23106
795	27026
3901	19512
11862	22403
14094	25951
5966	25349
5026	24728
9400	24453
9897	17815
4520	27422
10907	28284
8080	24433
14494	26910
2289	17547
1729	16624
6141	23578
6025	15425
13876	26398
6121	23555
4677	19377
7954	23815
15391	23707
567	18551
1003	29119
7163	18625
6182	17452
10398	28135
15044	30312
3333	17331
7839	17068
790	21041
284	17933
363	26534
4667	16614
10789	22780
11769	26408
14150	17212
6467	17398
10900	17851
4009	26660
12816	28072
6895	21026
9634	19940
4190	29232
3283	19808
8753	24881
4150	25163
3850	22509
13267	24964
14914	24666
57	20075
1079	27233
8014	28425
9396	22545
1639	16310
12852	22921
13465	27818
11	29142
14183	25895
13253	23186
1512	28586
6186	23092
1322	29735
9215	15686
14631	22778
8778	27266
9921	24573
3524	22940
3920	30147
2098	27116
14517	19051
2646	27242
11112	17426
4856	18196
6975	24260
8218	24594
8186	20918
4267	20429
11724	18210
4440	29366
2151	16066
7497	19280
9633	28304
11960	18195
6973	25529
12306	26350
6246	24098
3648	19097
11301	20592
14263	22202
2610	23437
956	17842
8910	23268
12278	17615
4989	18136
11142	29923
6257	17364
8207	22592
1126	21379
3768	25492
9062	26255
10922	26482
345	23624
6995	25454
7302	29803
7455	25962
10314	22144
5697	18839
6207	23075
3924	24554
11098	28705
8013	28991
8405	15770
7582	26188
5424	21617
6644	22887
9238	18601
13608	29503
3316	22444
4338	22307
3102	26462
1506	19907
9140	17934
10257	19344
11925	24974
11823	27107
570	27838
3736	25308
14798	25905
11731	25165
12621	22396
10012	29805
2351	22903
11777	20516
4511	15570
7541	22305
7732	27146
2801	20013
11011	17879
12162	18086
14386	27128
15343	29741
4329	27272
15399	22049
14131	18952
12530	29029
10422	17055
4488	24081
14491	30255
6080	26011
11449	23632
10460	23868
10815	29357
4014	17451
13126	28607
1509	28232
12931	16027
6077	17150
3139	23550
5514	29466
15097	27912
12425	28596
15133	24272
335	17171
8250	24412
9200	28208
13483	17149
2286	22748
13302	20569
6389	23338
4102	29273
13041	30351
7176	29790
932	28709
222	22648
8223	22077
1548	17348
2821	29841
9535	23590
3471	21605
14308	22281
13604	25149
4907	29513
11276	27893
6693	19877
6184	25425
9374	30075
3450	19300
7347	20316
4233	29193
14782	22025
10614	18013
10771	21772
232	18007
13774	16693
3918	15939
14881	22763
4536	29057
12258	23197
11634	22082
4871	28048
11705	17264
7602	16550
3662	17187
12109	15965
15024	22864
9319	29752
3725	16113
10158	28413
5746	27900
8561	26676
1950	20034
11365	25269
1602	22113
13264	27553
15043	22666
12701	24141
6533	24724
2268	29793
781	23382
6249	23704
6048	21312
4530	16417
13839	24785
1872	19030
11951	23052
8184	27897
2883	21763
5393	21448
12298	27205
8689	18251
11701	22826
6605	21555
4612	19071
12079	28501
4428	25386
7499	21986
3790	20041
14139	20358
11767	19984
14981	21744
7917	23582
2670	16452
228	21871
2408	25772
5823	21658
4648	22726
10588	20634
23	25641
4991	19431
4227	16413
6906	19198
10253	26428
10428	20529
865	26389
9839	28725
3568	17259
8086	26130
15282	28040
11834	22814
15321	28209
8300	25830
11427	22259
9525	29124
10883	17067
15021	17893
13331	18243
8094	19247
2879	27340
1943	15671
14774	25313
2085	21500
9837	19006
13866	29832
10607	27989
7389	23061
14453	21342
10400	21930
12941	18996
6119	25275
13146	29233
14894	26332
14208	24161
4032	18537
11621	18022
431	15461
1764	21316
12684	24865
1410	20165
10842	24450
13773	24471
5250	23907
1157	17314
10931	26007
14060	24046
7070	23412
13799	24655
9016	23163
14591	15623
9279	28980
8257	20061
6455	28370
11684	16035
782	24145
14129	24202
15154	30231
8980	21822
7483	19802
3601	28272
11277	28475
8006	25802
7132	24356
11826	16477
7492	28150
9223	22965
1551	22419
8465	29423
992	29153
3987	24147
2671	23476
9303	26135
10981	18812
13453	24143
8923	25230
14504	22963
12353	22926
13581	27930
12871	27181
1346	21948
14442	25552
674	18090
2307	17305
12427	22048
12192	19128
13929	15891
15354	15745
1815	28673
3822	24633
11852	24362
11947	28253
10683	29781
2149	25919
1384	24411
26	20406
9180	27024
1307	23196
8537	18092
12518	29219
4336	25835
3361	27822
11021	26081
1108	24906
11035	21496
2194	26317
3965	25921
3572	21735
11883	24558
12379	29572
8704	23791
8268	22065
7579	28698
11224	17136
15030	23900
8323	20967
14118	25774
15163	30326
1421	30089
3764	18080
12387	27425
10272	19962
5334	30057
11289	16351
3487	27393
12266	19528
1982	29484
11251	26072
15100	25291
6617	19651
4400	23386
2742	29461
3993	21498
12967	25471
2062	24793
7491	29518
5483	28795
5319	23711
5636	24646
6651	16051
10492	27041
10305	22456
8181	22441
10673	21702
9850	25940
5599	15442
9230	29900
233	22523
2693	20370
3384	16099
11477	18726
4465	21674
5916	25599
7340	18051
5711	17880
5455	30102
696	24745
12660	21572
4952	27905
14076	19836
523	22464
11840	17844
11877	19920
1557	27970
7245	18612
4119	21601
7411	25629
12239	29353
5111	23283
3622	22178
13922	25851
8363	24171
6602	26483
1898	15729
11967	16970
11122	19352
3313	18519
10641	24596
8646	18255
10833	25496
11075	22363
11103	23094
9441	27066
6309	28869
12347	20628
9811	18555
2691	21708
10371	21149
7903	19169
6594	15900
2816	17381
12211	15707
7623	27890
5541	20935
1728	15732
4534	29726
11582	24858
9182	25535
4595	22156
9261	29948
9081	24894
9869	29601
9304	26407
10781	17817
6053	18796
4660	24263
529	20755
3962	20297
6417	15725
15279	26722
6679	25801
7947	29323
7651	28451
4671	15775
5252	20621
11961	22349
4346	22150
3820	26935
13363	16950
2045	30078
6671	18472
15292	22009
6313	17967
13089	24514
4138	19492
12793	18271
8847	26714
5546	16817
11419	20126
7702	16343
15300	26403
5195	27614
6497	27542
372	19540
10940	23182
2573	26486
3051	18651
9120	22206
2892	25251
5142	25360
302	28463
5560	21851
3516	21007
5964	27518
6934	18014
12626	20014
4559	19560
6286	25871
13149	24794
11487	22595
46	26291
459	25446
356	20900
6010	19522
9739	18929
5079	15781
12074	18960
10590	23447
1608	23589
7934	28201
6576	22315
12540	26098
6388	25834
11732	27770
6670	18215
8012	18249
14240	29607
12348	18876
10825	29905
15033	23051
14828	18971
874	26941
8253	29859
11969	23996
497	17712
4120	30158
9624	23764
10124	24070
4165	24511
9947	29295
3783	27595
13639	26207
4837	23227
7089	23312
8322	20576
6766	24984
202	30013
8819	26421
4755	19229
11164	17263
9488	19122
13584	27396
4760	26956
13305	23119
5559	28154
3212	28031
5064	16211
15213	15844
6682	15410
14344	16714
10660	20558
7208	17146
8001	24346
7401	26666
14985	16465
6669	29632
5996	27583
4968	23568
13589	26877
11726	28663
13767	16606
14899	28949
15285	17751
5180	18253
3149	20930
394	21389
6897	24911
14474	24422
12619	17589
15084	27047
1998	19186
8991	26755
6071	20402
6146	21108
8329	28239
10945	22264
1223	28306
12739	20786
11706	30330
379	21717
1956	28396
5825	16381
13982	15615
10914	25584
7046	28897
11518	16880
8042	16435
8743	25788
8366	21008
3796	26154
12607	29185
31	26962
14623	23086
6687	28275
7763	16927
156	21177
9416	17799
5731	21488
10632	18475
9327	23892
3897	21722
11809	17367
11871	23731
12487	18443
14904	25385
14369	27285
7367	25235
12757	25690
7751	29884
5391	24900
11825	20276
8348	18428
4562	30165
6684	16527
5215	17043
917	17891
2069	28608
6928	17048
2371	18533
6970	20074
4128	16663
15102	22177
13135	16897
12091	22708
2868	29621
10270	22384
454	22530
1122	18606
9571	25343
10184	16412
9122	20390
3712	21628
5168	18581
14746	19187
9330	26114
6603	17834
3715	29108
11143	23435
3732	25785
13258	20124
3003	19873
1336	29036
10125	17599
8152	15520
743	19591
6565	25130
7701	24264
6549	20645
4299	20464
11633	25578
7334	22324
1468	22520
6125	16763
14381	26401
9975	20636
216	27572
10200	27775
6330	17904
518	26032
12786	25551
7552	28075
6508	19173
8227	26136
3932	27699
1820	21455
5299	25081
11779	17932
8016	25382
5166	23553
8698	16402
10489	22393
3049	25893
9990	21642
13254	28560
7219	30268
6655	26474
1984	20407
6740	17680
13051	27150
11614	16985
1573	17725
12933	20030
11016	20045
15201	27797
3808	15687
9827	25015
7405	29370
850	19837
3027	18866
7481	26433
380	19367
12237	23315
2209	19480
6619	28369
12752	23524
13145	26991
2341	25219
7680	23146
5758	24464
10831	19485
9825	26636
1735	27281
8719	17754
881	29501
9650	29294
2681	29902
4172	19307
4221	15876
6841	23969
6312	23491
4926	17816
1959	30209
9468	15649
1016	28551
14292	25625
437	20391
6550	19780
1302	23172
1478	18460
13961	22316
7225	23121
2222	19093
1162	23139
62	19089
2916	22953
13188	27904
12411	16318
2287	27891
3080	23148
13260	20557
5422	23053
7168	28155
806	19191
3908	23056
13171	15517
709	30034
10623	21959
4317	30005
10863	16731
8651	29885
8699	27773
11692	15800
10749	25608
9440	25751
4843	26463
4455	20468
13754	23882
11456	20699
12190	30234
13110	30184
14116	25575
6322	19794
9222	15741
2624	26944
14146	19028
2049	16691
2958	26725
10377	28102
4368	18656
1039	18856
9506	27190
3914	21080
2992	22263
6674	26898
2257	25621
10347	16571
10580	24144
10864	21180
11231	15484
883	29848
6213	20230
9043	22591
3971	24121
15177	19340
14197	21148
10701	28711
4256	26183
3728	22121
13000	22213
8638	20923
6996	15832
6535	23826
8287	29293
10355	16548
7636	28144
11388	17604
11330	30281
12968	19577
3750	23933
8132	25483
7376	15658
7148	25850
2185	28136
4077	27778
9175	24802
10838	20682
11104	19358
7857	16089
11847	21174
10107	16148
7525	28905
6946	27109
3998	15504
4859	27382
12131	20283
9407	24576
15188	28785
9908	28593
14048	25442
6017	23861
14328	23925
14024	28703
2367	28642
8440	15663
9613	16243
3322	28993
5387	18824
4071	19762
15110	16966
13905	16364
14723	16783
7996	23894
12314	24965
4327	27003
13334	17096
15134	19807
1056	25017
6935	24042
2325	16661
2945	30302
2553	29457
3097	27966
942	22157
10780	24913
336	24101
747	22570
5927	18881
1518	17031
5100	23082
10711	27246
4510	21541
7119	27129
14759	16084
8453	16232
13624	19481
11935	20890
10731	28219
9086	20948
2167	20338
621	19004
15306	24878
236	25378
13935	22693
4141	19442
1216	16127
13285	20915
5868	23371
14842	28578
11316	22565
13551	15675
10250	19943
12516	24118
13243	27280
2389	25565
13080	29272
9856	17219
7374	19830
5482	28771
3022	27044
14280	17435
6552	17929
12569	26192
40	20704
10367	26826
14152	18994
14872	24377
6561	24725
4333	25508
14456	17539
7361	16123
3765	29896
13463	21320
7800	21665
9867	20190
14364	20428
14606	20753
656	20590
7966	23607
1850	18106
9133	24203
6054	20876
2397	18419
122	23593
5350	29681
11469	19828
399	18770
346	27344
14252	24537
10973	19175
4700	23408
13288	17820
11662	29080
3690	19896
14140	30273
12124	26615
5067	23077
11676	21881
10332	16999
4040	15647
13701	19726
6170	23954
4649	28883
893	28285
10019	21947
9943	16588
5571	19867
5412	16943
7248	16685
2901	16398
3842	19268
6183	16895
2919	28173
6003	21230
5027	23167
3681	25709
4665	16580
6158	18806
1902	28659
5896	28423
14761	18416
7601	19835
4070	28839
5203	18452
12170	29646
2026	26907
5931	26234
5259	28178
3304	19966
13629	25662
50	26456
13078	28852
13777	24115
4072	25158
8197	20139
2986	17822
8017	24989
8893	16434
12729	22610
849	23020
4876	25265
12576	23921
10991	21082
1672	16634
6941	24047
2863	17846
8213	24236
374	21582
7242	19709
8534	18768
13783	26451
1313	18300
5080	24642
2663	22205
7604	24239
4946	29736
10887	28668
7628	18336
14691	29543
33	17192
6067	24811
11887	18855
9980	25804
13703	28800
14438	16201
241	19833
11265	24150
3448	21298
11397	17092
5875	28412
8038	20106
11522	26654
10757	19606
923	21941
14578	20657
6370	29285
9909	27174
12083	30247
5138	17085
8889	24800
1561	29996
14754	16585
15207	19513
9727	22579
15015	24190
6578	19711
2497	17376
6947	20111
2843	27210
8306	27992
8849	16425
14781	26252
577	28004
13845	27294
1585	23162
14969	29568
9842	19580
4308	24090
6102	19409
1428	20506
5445	16016
11107	20205
10849	17811
12857	19537
4702	24808
6085	15744
8677	27532
10643	27298
6791	23023
5822	18277
11764	17270
6658	22927
6718	20902
13672	27164
3730	27652
14320	26532
12550	28722
12327	29349
3033	29318
14406	18417
7537	24493
15121	26312
6914	27952
4163	23911
3722	18992
9932	22365
1185	15971
6317	21648
9236	24907
12496	22516
1433	23207
6079	28453
10787	25135
4793	17877
884	18802
14141	26589
11537	26409
8378	29473
9508	25553
13683	15779
5038	19843
5229	20770
1831	19848
14685	18809
5950	26269
7297	27067
11233	18739
7907	20782
11574	25490
6939	19381
6374	18205
12441	25737
2348	27663
13241	18841
7300	26124
5342	22810
6069	18276
8019	25225
12206	26628
14721	25288
6813	24226
10551	21696
9220	16336
2636	27195
1034	24846
1087	15918
14557	23446
6423	25426
1603	22454
4814	28115
5762	21837
3392	21265
5232	27731
8611	17334
12746	22839
7474	26919
9315	19284
9447	21142
13726	28328
8395	15404
7640	20035
13416	24665
11585	15552
8051	19118
13855	26450
9406	18183
4841	28270
2659	28325
13006	29575
12187	23610
6531	21229
8857	16231
13898	25986
11197	28200
3120	24030
14989	15692
2533	15507
3928	21511
8068	26359
13292	25065
7441	18042
1269	27934
1134	22631
177	27208
13083	23586
12631	25234
2271	22877
12393	29716
13959	26948
12380	28481
9552	21274
2154	21786
8806	29964
1655	25950
